{
 "metadata": {
  "name": "",
  "signature": "sha256:5bb21ac3e28a5a260e831d6629ec969a14a790eac695cb24a87ddf02277f002d"
 },
 "nbformat": 3,
 "nbformat_minor": 0,
 "worksheets": [
  {
   "cells": [
    {
     "cell_type": "code",
     "collapsed": false,
     "input": [
      "import numpy\n",
      "import random\n",
      "from numpy import *"
     ],
     "language": "python",
     "metadata": {},
     "outputs": [],
     "prompt_number": 4
    },
    {
     "cell_type": "code",
     "collapsed": false,
     "input": [
      "randMat = mat(random.rand(4,4))"
     ],
     "language": "python",
     "metadata": {},
     "outputs": [],
     "prompt_number": 5
    },
    {
     "cell_type": "code",
     "collapsed": false,
     "input": [
      "randMat"
     ],
     "language": "python",
     "metadata": {},
     "outputs": [
      {
       "metadata": {},
       "output_type": "pyout",
       "prompt_number": 6,
       "text": [
        "matrix([[ 0.53977488,  0.90901862,  0.41235446,  0.7702014 ],\n",
        "        [ 0.89910051,  0.47566584,  0.53646696,  0.40786323],\n",
        "        [ 0.75661608,  0.64202721,  0.78388279,  0.0224732 ],\n",
        "        [ 0.46655461,  0.15016586,  0.110042  ,  0.3989047 ]])"
       ]
      }
     ],
     "prompt_number": 6
    },
    {
     "cell_type": "code",
     "collapsed": false,
     "input": [
      "randMat.I"
     ],
     "language": "python",
     "metadata": {},
     "outputs": [
      {
       "metadata": {},
       "output_type": "pyout",
       "prompt_number": 7,
       "text": [
        "matrix([[ -12.58731874, -246.88131667,  137.82251362,  268.96466441],\n",
        "        [ -12.94818244, -296.9489865 ,  165.20962959,  319.31058189],\n",
        "        [  22.36959666,  473.76920069, -262.73877341, -512.7980442 ],\n",
        "        [  13.42539052,  269.84065604, -150.90891405, -290.81364508]])"
       ]
      }
     ],
     "prompt_number": 7
    },
    {
     "cell_type": "code",
     "collapsed": false,
     "input": [
      "eye(4)"
     ],
     "language": "python",
     "metadata": {},
     "outputs": [
      {
       "metadata": {},
       "output_type": "pyout",
       "prompt_number": 8,
       "text": [
        "array([[ 1.,  0.,  0.,  0.],\n",
        "       [ 0.,  1.,  0.,  0.],\n",
        "       [ 0.,  0.,  1.,  0.],\n",
        "       [ 0.,  0.,  0.,  1.]])"
       ]
      }
     ],
     "prompt_number": 8
    },
    {
     "cell_type": "code",
     "collapsed": false,
     "input": [
      "MyEye"
     ],
     "language": "python",
     "metadata": {},
     "outputs": [
      {
       "ename": "NameError",
       "evalue": "name 'MyEye' is not defined",
       "output_type": "pyerr",
       "traceback": [
        "\u001b[0;31m---------------------------------------------------------------------------\u001b[0m\n\u001b[0;31mNameError\u001b[0m                                 Traceback (most recent call last)",
        "\u001b[0;32m<ipython-input-9-bf0f7087365c>\u001b[0m in \u001b[0;36m<module>\u001b[0;34m()\u001b[0m\n\u001b[0;32m----> 1\u001b[0;31m \u001b[0mMyEye\u001b[0m\u001b[0;34m\u001b[0m\u001b[0m\n\u001b[0m",
        "\u001b[0;31mNameError\u001b[0m: name 'MyEye' is not defined"
       ]
      }
     ],
     "prompt_number": 9
    },
    {
     "cell_type": "code",
     "collapsed": false,
     "input": [],
     "language": "python",
     "metadata": {},
     "outputs": []
    }
   ],
   "metadata": {}
  }
 ]
}